20
0.00 6.17 71.33 27.30 67.00 47.56 102.25 74.21 62.02 12.42 29.66 70.62 91.67 69.67 68.07 48.26 22.34 57.29 49.52 80.79
6.17 0.00 72.27 21.57 61.27 41.78 98.83 71.01 59.21 12.77 31.71 69.12 89.06 65.58 65.48 49.82 26.73 53.56 49.17 77.20
71.33 72.27 0.00 70.49 84.82 76.32 67.81 49.41 42.10 59.58 42.11 28.08 50.29 59.21 40.25 23.60 54.16 51.87 25.68 57.31
27.30 21.57 70.49 0.00 39.71 20.26 81.67 55.13 45.21 23.66 38.43 59.03 74.53 47.17 51.88 52.05 40.96 36.75 44.89 59.93
67.00 61.27 84.82 39.71 0.00 19.49 60.08 44.10 43.96 61.39 69.96 61.22 61.95 30.76 48.53 75.78 77.28 33.09 62.23 42.66
47.56 41.78 76.32 20.26 19.49 0.00 69.37 46.48 40.74 42.68 53.63 57.62 66.25 35.08 46.94 62.79 59.25 29.57 51.41 48.64
102.25 98.83 67.81 81.67 60.08 69.37 0.00 28.16 40.93 91.06 85.75 41.86 17.60 34.78 36.07 77.19 98.85 45.38 63.15 21.78
74.21 71.01 49.41 55.13 44.10 46.48 28.16 0.00 12.95 62.91 58.28 21.47 19.86 13.35 9.81 52.22 71.07 18.40 37.19 8.59
62.02 59.21 42.10 45.21 43.96 40.74 40.93 12.95 0.00 50.41 45.38 17.42 29.90 17.44 6.68 40.56 58.13 11.44 25.26 21.08
12.42 12.77 59.58 23.66 61.39 42.68 91.06 62.91 50.41 0.00 19.12 58.27 79.79 59.55 56.25 37.05 17.42 46.78 37.15 69.89
29.66 31.71 42.11 38.43 69.96 53.63 85.75 58.28 45.38 19.12 0.00 47.47 71.81 59.13 49.67 18.69 13.71 46.30 24.17 66.41
70.62 69.12 28.08 59.03 61.22 57.62 41.86 21.47 17.42 58.27 47.47 0.00 25.48 32.56 13.11 35.77 61.17 28.82 23.35 29.23
91.67 89.06 50.29 74.53 61.95 66.25 17.60 19.86 29.90 79.79 71.81 25.48 0.00 31.88 23.61 61.24 85.32 38.06 48.17 19.35
69.67 65.58 59.21 47.17 30.76 35.08 34.78 13.35 17.44 59.55 59.13 32.56 31.88 0.00 19.46 57.25 70.62 13.02 41.97 13.57
68.07 65.48 40.25 51.88 48.53 46.94 36.07 9.81 6.68 56.25 49.67 13.11 23.61 19.46 0.00 42.51 62.83 17.37 27.65 18.38
48.26 49.82 23.60 52.05 75.78 62.79 77.19 52.22 40.56 37.05 18.69 35.77 61.24 57.25 42.51 0.00 30.62 46.04 15.32 60.80
22.34 26.73 54.16 40.96 77.28 59.25 98.85 71.07 58.13 17.42 13.71 61.17 85.32 70.62 62.83 30.62 0.00 57.61 37.88 78.96
57.29 53.56 51.87 36.75 33.09 29.57 45.38 18.40 11.44 46.78 46.30 28.82 38.06 13.02 17.37 46.04 57.61 0.00 31.13 23.66
49.52 49.17 25.68 44.89 62.23 51.41 63.15 37.19 25.26 37.15 24.17 23.35 48.17 41.97 27.65 15.32 37.88 31.13 0.00 45.75
80.79 77.20 57.31 59.93 42.66 48.64 21.78 8.59 21.08 69.89 66.41 29.23 19.35 13.57 18.38 60.80 78.96 23.66 45.75 0.00
