20
0.00 50.64 65.74 77.74 68.59 85.12 78.83 61.17 80.69 122.58 58.79 100.04 66.69 49.90 74.22 60.82 29.54 87.80 35.63 70.71
50.64 0.00 73.26 52.54 30.36 36.19 48.48 69.17 56.46 79.30 9.84 49.60 25.31 26.61 25.64 23.61 54.07 40.16 18.92 69.44
65.74 73.26 0.00 44.37 59.81 104.25 51.45 4.71 43.87 97.47 82.36 102.64 98.57 47.59 95.85 58.28 36.29 83.14 57.75 12.15
77.74 52.54 44.37 0.00 24.68 71.26 7.82 43.31 3.92 53.86 58.01 62.23 74.38 30.45 66.04 29.18 57.45 42.46 48.51 33.40
68.59 30.36 59.81 24.68 0.00 47.16 18.89 57.06 28.45 54.00 34.07 43.02 50.02 19.90 41.39 8.04 57.60 24.18 33.74 51.65
85.12 36.19 104.25 71.26 47.16 0.00 64.30 100.75 74.77 70.62 26.75 25.93 22.46 57.06 10.90 46.26 89.97 34.19 55.02 97.76
78.83 48.48 51.45 7.82 18.89 64.30 0.00 50.05 10.65 48.26 52.92 54.43 68.89 29.60 59.69 24.88 61.01 34.70 47.24 40.86
61.17 69.17 4.71 43.31 57.06 100.75 50.05 0.00 43.23 96.92 78.39 100.04 94.47 43.84 92.14 55.05 31.79 80.72 53.33 13.47
80.69 56.46 43.87 3.92 28.45 74.77 10.65 43.23 0.00 53.70 61.90 64.90 78.25 34.08 69.76 33.09 59.47 45.24 52.14 32.42
122.58 79.30 97.47 53.86 54.00 70.62 48.26 96.92 53.70 0.00 77.67 46.03 87.66 73.18 73.67 61.86 108.68 40.37 87.55 85.74
58.79 9.84 82.36 58.01 34.07 26.75 52.92 78.39 61.90 77.67 0.00 43.12 16.79 35.05 15.98 28.94 63.89 37.41 28.73 77.87
100.04 49.60 102.64 62.23 43.02 25.93 54.43 100.04 64.90 46.03 43.12 0.00 46.59 60.09 32.36 46.59 97.49 19.83 65.61 93.72
66.69 25.31 98.57 74.38 50.02 22.46 68.89 94.47 78.25 87.66 16.79 46.59 0.00 51.63 14.37 45.54 77.27 47.77 42.70 94.51
49.90 26.61 47.59 30.45 19.90 57.06 29.60 43.84 34.08 73.18 35.05 60.09 51.63 0.00 48.30 13.67 38.01 42.95 18.06 42.89
74.22 25.64 95.85 66.04 41.39 10.90 59.69 92.14 69.76 73.67 15.98 32.36 14.37 48.30 0.00 38.91 79.66 34.35 44.56 90.16
60.82 23.61 58.28 29.18 8.04 46.26 24.88 55.05 33.09 61.86 28.94 46.59 45.54 13.67 38.91 0.00 51.64 29.31 25.75 51.52
29.54 54.07 36.29 57.45 57.60 89.97 61.01 31.79 59.47 108.68 63.89 97.49 77.27 38.01 79.66 51.64 0.00 80.95 35.16 42.38
87.80 40.16 83.14 42.46 24.18 34.19 34.70 80.72 45.24 40.37 37.41 19.83 47.77 42.95 34.35 29.31 80.95 0.00 52.22 73.97
35.63 18.92 57.75 48.51 33.74 55.02 47.24 53.33 52.14 87.55 28.73 65.61 42.70 18.06 44.56 25.75 35.16 52.22 0.00 56.21
70.71 69.44 12.15 33.40 51.65 97.76 40.86 13.47 32.42 85.74 77.87 93.72 94.51 42.89 90.16 51.52 42.38 73.97 56.21 0.00
